1 2 3 20 314 315 346 24 29 30 31 32 33 38 39 40 91 92 93 107 
1 2 3 20 314 315 346 24 29 30 31 32 33 38 39 40 91 92 93 107 
1 2 3 20 314 315 346 24 29 30 31 32 33 38 39 40 91 92 93 107 
1 4 12 13 14 15 16 20 24 28 38 39 40 42 50 52 53 54 55 56 
1 4 12 13 14 15 16 20 24 28 38 39 40 42 50 52 53 54 55 56 
1 4 12 13 14 15 16 20 21 22 23 24 28 29 30 31 32 33 34 35 
1 2 3 4 5 6 7 8 12 13 14 15 16 17 18 20 24 28 42 52 
1 2 3 4 5 6 7 8 12 13 14 15 16 17 18 20 24 28 42 52 
257 33 249 152 223 235 274 158 204 32 352 300 368 217 400 253 170 291 113 359 
4 12 13 14 15 16 20 21 22 23 24 28 29 30 31 32 33 34 35 36 
12 13 14 15 20 24 68 69 70 71 72 73 74 75 76 94 95 128 129 220 
12 20 24 68 73 94 129 220 268 299 300 301 303 304 305 310 311 312 313 315 
12 20 24 68 73 94 129 220 268 299 300 301 303 304 305 310 311 312 313 315 
12 20 24 68 73 94 129 220 268 299 300 301 303 304 305 310 311 312 313 315 
12 20 24 68 73 94 129 220 268 299 300 301 303 304 305 310 311 312 313 315 
1 12 20 24 68 73 94 129 220 268 299 300 301 303 304 305 310 311 312 313 
1 12 20 24 68 73 94 129 220 268 299 300 301 303 304 305 310 311 312 313 
1 12 20 24 68 73 94 129 220 268 299 300 301 303 304 305 310 311 312 313 
1 12 20 24 68 73 94 129 220 268 299 300 301 303 304 305 310 311 312 313 
1 12 20 24 68 73 94 129 220 268 299 300 301 303 304 305 310 311 312 313 
333 339 342 344 300 341 345 315 343 299 325 313 350 301 304 94 268 364 220 317 
333 339 342 344 300 341 345 315 343 299 325 313 350 301 304 94 268 364 220 317 
333 339 342 344 300 341 345 315 343 299 325 313 350 301 304 94 268 364 220 317 
333 339 342 344 300 341 345 315 343 299 325 313 350 301 304 94 268 364 220 317 
333 339 342 344 300 341 345 315 343 299 325 313 350 301 304 94 268 364 220 317 
333 339 342 344 300 341 345 315 343 299 325 313 350 301 304 94 268 364 220 317 
1 12 20 24 68 73 94 129 220 268 299 300 301 303 304 305 310 311 312 313 
1 12 20 24 68 73 94 129 220 268 299 300 301 303 304 305 310 311 312 313 
333 339 342 344 300 341 345 315 343 299 325 313 350 301 304 94 268 364 220 317 
333 339 342 344 300 341 345 315 343 299 325 313 350 301 304 94 268 364 220 317 
333 339 342 344 300 341 345 315 343 299 325 313 350 301 304 94 268 364 220 317 
127 128 269 333 334 335 339 342 344 356 377 410 300 341 345 315 343 114 299 336 
127 128 269 333 334 335 339 342 344 356 377 410 300 341 345 315 343 114 299 336 
127 128 269 333 334 335 339 342 344 356 377 410 300 341 345 315 343 114 299 336 
127 128 269 333 334 335 339 342 344 356 377 410 300 341 345 315 343 114 299 336 
127 128 269 333 334 335 339 342 344 356 377 410 300 341 345 315 343 114 299 336 
4 16 12 13 14 15 17 127 128 269 333 334 335 339 342 344 356 377 410 300 
4 16 12 13 14 15 17 127 128 269 333 334 335 339 342 344 356 377 410 300 
12 333 339 342 344 300 341 345 315 343 299 4 325 313 350 301 304 94 268 364 
12 333 339 342 344 300 341 345 315 343 299 4 325 313 350 301 304 94 268 364 
4 16 12 13 14 15 17 127 128 269 333 334 335 339 342 344 356 377 410 300 
339 342 344 300 341 315 343 299 325 313 350 301 304 94 364 220 317 24 129 319 
339 342 344 300 341 315 343 299 325 313 350 301 304 94 364 220 317 24 129 319 
339 342 344 300 341 315 343 299 325 313 350 301 304 94 364 220 317 24 129 319 
12 333 339 342 344 300 341 345 315 343 299 4 325 313 350 301 304 94 268 364 
12 333 339 342 344 300 341 345 315 343 299 4 325 313 350 301 304 94 268 364 
12 333 339 342 344 300 341 345 315 343 299 4 325 313 350 301 304 94 268 364 
1 2 3 4 5 6 7 8 9 10 11 12 13 14 15 16 17 18 19 20 
321 302 129 319 365 1 2 3 4 5 6 7 8 9 10 11 12 13 14 15 
