127
128
269
333
334
335
339
342
344
356
377
410
300
341
345
315
343
114
299
336
270
249
321
302
42
4
215
216
217
218
219
325
313
110
350
111
100
101
102
103
301
304
243
244
245
246
247
248
113
289
290
291
292
148
149
150
151
152
153
154
116
117
118
119
120
121
29
30
31
32
33
96
97
98
99
135
186
306
144
94
95
268
364
411
80
220
60
61
62
63
222
223
224
225
226
227
250
251
252
253
254
255
285
286
287
288
64
65
66
67
91
92
93
130
104
105
106
329
390
238
89
122
176
141
307
44
326
327
123
124
85
193
194
195
196
197
198
199
309
317
52
53
54
55
56
347
412
228
400
57
230
231
232
233
234
28
273
274
275
276
261
262
263
200
201
202
203
204
205
206
207
24
129
319
320
383
359
360
361
362
277
278
279
280
235
236
237
68
69
70
71
72
73
74
75
76
162
163
164
165
166
167
208
209
210
211
212
259
260
295
296
293
294
170
34
35
36
37
155
156
157
158
159
160
161
324
77
78
79
16
316
332
281
282
283
284
398
256
257
258
50
1
12
13
14
15
20
21
22
23
38
39
40
81
82
83
84
86
90
107
108
109
112
125
126
168
169
213
214
264
297
298
303
305
308
310
311
312
322
323
330
331
337
338
340
351
352
353
354
357
365
367
368
369
370
371
392
418
346
2
3
5
6
7
8
9
10
11
17
18
19
25
26
27
41
43
45
46
47
48
49
51
58
59
87
88
115
131
132
133
134
136
137
138
139
140
142
143
145
146
147
171
172
173
174
175
177
178
179
180
181
182
183
184
185
187
188
189
190
191
192
221
229
239
240
241
242
265
266
267
271
272
314
318
328
348
349
355
358
363
366
372
373
374
375
376
378
379
380
381
382
384
385
386
387
388
389
391
393
394
395
396
397
399
401
402
403
404
405
406
407
408
409
413
414
415
416
417
