0.0
0.0
0.0
4.583
4.5
4.5
4.5
4.5
3.0
4.583
4.583
0.0
0.0
0.0
0.0
3.615
5.0
4.0
3.6
0.0
0.0
0.0
0.0
4.0
4.042
4.042
4.042
4.042
4.5
4.5
4.5
4.5
4.5
3.688
3.688
3.688
3.688
0.0
0.0
0.0
4.6
4.6
4.6
4.286
4.286
4.286
4.286
3.0
3.0
3.0
3.0
4.204
4.204
4.204
4.204
4.204
4.067
4.067
4.067
4.386
4.386
4.386
4.386
4.363
4.363
4.363
4.363
3.938
3.938
3.938
3.938
3.938
3.938
3.938
3.938
3.938
3.621
3.621
3.621
4.407
0.0
0.0
0.0
0.0
4.26
0.0
0.0
0.0
4.31
0.0
4.355
4.355
4.355
4.429
4.429
4.5
4.5
4.5
4.5
4.548
4.548
4.548
4.548
4.338
4.338
4.338
0.0
0.0
0.0
4.571
4.562
0.0
4.533
4.733
4.733
4.509
4.509
4.509
4.503
4.503
4.503
4.31
4.268
4.268
0.0
0.0
5.0
5.0
4.0
4.353
0.0
0.0
0.0
3.455
4.5
4.5
4.5
4.5
4.5
4.5
4.3
4.3
4.3
4.439
4.439
4.439
4.439
4.515
4.515
4.515
4.515
4.515
4.515
4.515
3.686
3.686
3.686
3.686
3.686
3.686
3.686
3.937
3.937
3.937
3.937
3.937
3.937
0.0
0.0
3.733
3.733
3.733
4.304
4.304
4.304
4.304
4.304
4.304
4.304
4.304
4.125
4.125
4.125
4.125
4.125
4.5
4.5
4.5
4.5
3.722
3.722
3.722
4.252
4.252
4.252
4.252
4.252
4.252
4.252
4.022
4.022
4.022
4.022
4.022
4.022
4.022
4.022
3.91
3.91
3.91
3.91
3.91
0.0
0.0
4.583
4.583
4.583
4.583
4.583
4.4
4.4
4.385
4.385
4.385
4.385
4.385
4.385
4.154
4.154
4.054
4.054
4.054
4.054
4.054
3.941
3.941
3.941
4.312
4.312
4.312
4.312
4.312
4.539
4.539
4.539
4.539
4.539
4.539
4.636
4.38
4.38
4.38
4.38
4.38
4.38
3.2
3.2
3.2
3.885
3.885
4.024
4.024
4.024
0.0
0.0
0.0
0.0
4.429
5.0
4.65
4.65
4.65
4.041
4.041
4.041
4.041
3.944
3.944
3.944
3.944
3.368
3.368
3.368
3.368
4.368
4.368
4.368
4.368
4.524
4.524
4.524
4.524
3.818
3.818
3.833
3.833
0.0
0.0
4.705
4.909
4.548
4.604
0.0
4.548
0.0
4.472
4.3
0.0
4.25
0.0
0.0
0.0
4.574
4.572
4.833
3.5
4.208
4.325
4.0
4.0
4.613
0.0
0.0
3.667
4.575
4.273
4.273
5.0
4.333
0.0
0.0
3.4
5.0
5.0
5.0
4.667
0.0
0.0
5.0
0.0
4.9
5.0
4.806
5.0
4.895
1.0
4.2
4.75
4.375
4.571
0.0
0.0
0.0
0.0
0.0
5.0
0.0
0.0
3.98
3.98
3.98
3.98
4.833
4.429
0.0
0.0
0.0
0.0
0.0
0.0
0.0
4.353
4.353
4.353
4.353
5.0
5.0
4.0
4.0
4.0
4.0
4.0
4.0
4.0
4.0
4.333
4.333
4.333
4.333
4.333
0.0
0.0
0.0
0.0
0.0
3.25
3.25
3.25
3.25
4.13
4.13
4.13
4.13
4.13
4.13
4.636
4.636
4.636
4.636
5.0
4.429
4.167
4.167
4.167
4.167
5.0
5.0
0.0
